0 0 0 0 0 0 0 15 0 16 0 2 0 3 8 0
2 0 4 0 0 0 5 0 9 0 0 0 6 13 7 16
0 7 10 0 0 0 0 2 5 0 8 0 9 0 0 0
0 9 0 1 0 7 16 0 0 0 0 0 10 14 0 0
0 0 13 15 7 0 3 0 16 9 12 0 0 1 0 6
0 0 11 0 4 0 10 0 6 0 13 0 15 9 0 0
6 0 0 12 0 0 9 5 0 0 0 14 11 10 0 4
1 2 0 0 6 13 0 0 15 0 10 0 5 0 0 8
15 0 0 13 0 1 0 7 0 0 9 11 0 0 4 10
12 0 9 8 3 0 0 0 13 2 0 0 1 0 0 7
0 0 6 11 0 12 0 16 0 5 0 10 0 2 0 0
7 0 2 0 0 10 11 9 0 15 0 12 8 16 0 0
0 0 12 2 0 0 0 0 0 8 5 0 16 0 10 0
0 0 0 14 0 11 0 8 2 0 0 0 0 15 3 0
4 15 8 7 0 0 0 14 0 13 0 0 0 5 0 1
0 3 5 0 2 0 6 0 14 0 0 0 0 0 0 0