0 17 0 0 18 21 19 5 0 8 6 0 25 0 3 22 0 0 0 13 24 12 2 0 9
0 0 25 6 0 12 0 0 7 17 15 0 24 0 0 0 0 18 4 0 21 19 0 0 20
0 0 0 0 0 15 4 18 10 16 0 0 17 5 0 9 21 0 0 20 0 0 6 0 11
12 4 19 22 0 0 0 0 0 0 20 18 1 21 10 0 0 17 0 0 7 0 16 5 0
0 21 0 0 0 0 0 22 0 0 13 11 12 0 0 25 19 10 0 1 14 0 0 8 15
0 0 0 21 19 0 11 3 2 22 0 1 13 4 0 15 10 0 0 0 0 0 14 9 0
18 0 5 24 10 0 0 0 12 0 14 25 22 17 0 19 9 4 0 7 2 0 21 0 0
8 0 22 7 2 6 0 0 0 4 0 0 0 0 9 14 0 0 11 0 0 1 10 16 0
3 15 14 1 0 0 20 0 0 5 21 6 0 0 0 17 23 0 24 8 0 0 4 7 0
6 9 13 0 17 0 0 0 0 14 16 0 0 10 23 21 0 0 1 0 11 0 24 0 0
0 0 0 0 1 0 3 25 0 0 0 13 21 16 20 0 17 0 0 24 15 0 12 11 0
11 22 0 0 20 10 13 19 0 18 0 0 9 0 15 8 0 0 0 0 1 0 7 0 0
0 7 0 2 0 4 0 0 0 21 24 3 0 0 5 0 25 0 0 11 0 18 0 17 16
0 16 9 0 0 2 5 20 0 0 0 0 0 23 0 0 13 15 3 10 0 0 19 0 22
0 18 24 23 13 11 12 17 8 15 0 19 0 25 1 0 22 6 16 14 4 0 0 0 0
0 0 0 20 14 18 0 24 15 0 4 0 2 1 16 0 0 11 17 0 5 0 23 19 0
2 0 0 25 5 19 0 13 0 20 0 9 0 0 17 16 0 22 0 12 0 24 11 0 4
0 0 0 9 4 17 2 0 0 6 25 12 5 20 0 0 3 7 21 19 0 0 15 13 8
0 23 21 19 16 0 0 0 4 12 11 0 6 14 0 0 24 0 0 0 3 0 22 0 17
0 0 3 11 0 0 0 0 0 23 0 0 0 24 13 18 20 8 0 4 0 0 9 0 0
0 5 0 0 23 9 8 0 3 0 0 22 0 13 0 24 14 21 0 25 0 11 1 15 6
0 2 0 13 0 0 21 12 18 25 9 14 0 0 0 4 0 0 10 0 0 0 0 22 0
24 0 0 0 0 5 0 0 13 19 0 10 8 11 0 6 0 0 9 16 20 4 0 0 0
19 3 6 0 0 23 0 0 22 1 0 0 16 2 0 0 18 0 0 15 0 21 0 0 0
0 10 0 15 21 0 17 0 14 0 0 20 4 0 12 0 7 19 0 0 0 16 0 2 0